每幅图像的标定误差：
第1幅图像的平均误差：0.0724452像素
第2幅图像的平均误差：0.111251像素
第3幅图像的平均误差：0.118301像素
第4幅图像的平均误差：0.154188像素
第5幅图像的平均误差：0.0753095像素
第6幅图像的平均误差：0.074566像素
第7幅图像的平均误差：0.0818713像素
第8幅图像的平均误差：0.120749像素
第9幅图像的平均误差：0.123887像素
第10幅图像的平均误差：0.101686像素
总体平均误差：0.103425像素

相机内参数矩阵：
[865.2641428747564, 0, 399.8226729827489;
  0, 875.6062702417484, 101.8567681610396;
  0, 0, 1]

畸变系数：
[-0.2418979257558615, 0.3963223483701068, 0.01699118949094943, 0.01606501496904346, -0.6855114574796943]


第1幅图像的旋转向量：
[404.5457882370325;
  205.0077953482148;
  1227.465724526757]
第1幅图像的旋转矩阵：
[0.00754891379294749, -0.8804196474761865, 0.4741352741976219;
  0.9867139003279664, -0.07039446296326436, -0.1464250609823531;
  0.1622919985708441, 0.4689412158490881, 0.8681909025541906]
第1幅图像的平移向量：
[0.1929828743440015;
  2.995662208822487;
  0.2161525488181001]

第2幅图像的旋转向量：
[215.7082394171631;
  175.8365248537431;
  1138.494001667549]
第2幅图像的旋转矩阵：
[-0.9129802116698531, 0.2477284708007645, 0.3241878126240792;
  -0.1383789510785637, -0.9354840910118142, 0.3251473225511727;
  0.38382079021031, 0.2519923019032815, 0.8883588693674525]
第2幅图像的平移向量：
[0.2512300560956262;
  2.925583247569528;
  0.2998444763515645]

第3幅图像的旋转向量：
[253.2228370389837;
  128.8721532834101;
  1247.255786693895]
第3幅图像的旋转矩阵：
[-0.7638432811410734, 0.5719611332410085, 0.2990048560095645;
  -0.4987412632516243, -0.8171468789952225, 0.2890123362047737;
  0.4096347082289452, 0.0716340715723211, 0.9094327713493492]
第3幅图像的平移向量：
[0.3222206328803406;
  2.664936249316541;
  0.4259098399736939]

第4幅图像的旋转向量：
[255.8408954595748;
  148.9668992779392;
  1262.973916718658]
第4幅图像的旋转矩阵：
[-0.8874669904105312, -0.2149145407489444, 0.4076936118046791;
  0.3038715272599266, -0.9379576724463641, 0.1670254460246072;
  0.3465031541738023, 0.2721160503786382, 0.8977128824261893]
第4幅图像的平移向量：
[0.3253160874828966;
  2.534859915502068;
  0.4264525997775395]

第5幅图像的旋转向量：
[371.3525372891361;
  143.97742173977;
  1284.141619263588]
第5幅图像的旋转矩阵：
[0.994192123800077, 0.1071227846870137, -0.01033102002668996;
  -0.1067508412578195, 0.9937845610995142, 0.03156745176592028;
  0.01364840154157275, -0.03028126683521624, 0.9994482307824725]
第5幅图像的平移向量：
[0.2207061771598923;
  2.921521976457451;
  0.5200739271168698]

第6幅图像的旋转向量：
[395.1097275845362;
  56.43356065225925;
  1203.234013154098]
第6幅图像的旋转矩阵：
[0.1597781669028726, 0.9597708277392552, 0.2308915234517338;
  -0.9339467607458682, 0.07122104444388049, 0.3502442161130183;
  0.3197098457562069, -0.2716017692302971, 0.9077544235516094]
第6幅图像的平移向量：
[0.1862813014853773;
  2.899350586239153;
  0.5434784198970071]

第7幅图像的旋转向量：
[369.2237090224433;
  88.17686735979503;
  1193.515303832498]
第7幅图像的旋转矩阵：
[-0.354849975283778, -0.803208111942587, 0.4784748937517273;
  0.8648031069004331, -0.4764536219148416, -0.1584535656259819;
  0.3552422854003452, 0.3575593308443421, 0.8636864266559281]
第7幅图像的平移向量：
[0.1329678031934277;
  3.017463095236805;
  0.3279514335906711]

第8幅图像的旋转向量：
[358.1566868870241;
  74.07949341420996;
  1155.007767101528]
第8幅图像的旋转矩阵：
[0.4817561499441503, 0.8700037370977538, 0.1049023804636088;
  -0.8494740398559371, 0.4342511888572612, 0.2996994504280733;
  0.215185658448288, -0.2334939023015327, 0.9482487700947357]
第8幅图像的平移向量：
[-0.0005242833398576613;
  2.893535595178472;
  0.9721588184008001]

第9幅图像的旋转向量：
[271.3731635678207;
  67.67747510640989;
  1159.496304968266]
第9幅图像的旋转矩阵：
[0.5202406276563619, 0.851724435714565, 0.06257135880273217;
  -0.8386612614370212, 0.4956791730637542, 0.2257198395261194;
  0.1612357835611524, -0.1699048056928895, 0.9721807337639861]
第9幅图像的平移向量：
[0.1487463394206384;
  2.787760118646343;
  0.6350099276300101]

第10幅图像的旋转向量：
[290.5888302164582;
  164.6856870220422;
  1348.588088166643]
第10幅图像的旋转矩阵：
[0.7424304924544536, -0.6560529098378116, 0.1356154245179275;
  0.6694087722775093, 0.7344318352624197, -0.1118113364153733;
  -0.02624613251043351, 0.1737943003852953, 0.9844321620517234]
第10幅图像的平移向量：
[0.08543688478114282;
  2.578941730004693;
  0.4988748203657739]


